[2, 10, 4, 3, 8, 15, 6, 14, 12, 5, 13, 11, 1, 7, 0, 9];4.347e-07;good
[8, 10, 12, 6, 15, 11, 7, 1, 14, 2, 4, 13, 3, 5, 0, 9];4.358e-07;good
[0, 15, 7, 2, 4, 8, 9, 6, 11, 10, 5, 12, 14, 3, 1, 13];4.269e-07;good
[11, 15, 8, 14, 7, 13, 2, 12, 1, 9, 5, 3, 6, 10, 0, 4];4.28075e-07;good
[15, 10, 2, 11, 0, 14, 1, 9, 8, 6, 13, 4, 5, 12, 7, 3];4.37525e-07;good
[12, 6, 3, 9, 7, 11, 1, 13, 14, 4, 10, 5, 8, 15, 2, 0];4.21225e-07;good
[12, 1, 2, 10, 11, 6, 0, 7, 8, 5, 3, 14, 9, 13, 4, 15];4.32225e-07;good
[10, 4, 6, 12, 9, 2, 14, 5, 7, 1, 11, 15, 3, 8, 0, 13];4.337e-07;good
[2, 9, 6, 10, 11, 14, 5, 4, 13, 7, 12, 3, 8, 15, 0, 1];4.35925e-07;good
[3, 0, 4, 13, 12, 10, 9, 5, 7, 15, 2, 6, 14, 1, 11, 8];4.44925e-07;good
[15, 9, 10, 6, 0, 14, 8, 1, 4, 3, 2, 11, 7, 5, 13, 12];4.5105e-07;good
[15, 7, 12, 13, 1, 6, 14, 4, 10, 11, 0, 9, 2, 3, 5, 8];4.4235e-07;good
[3, 1, 8, 11, 2, 4, 12, 10, 6, 15, 14, 13, 5, 0, 7, 9];4.538e-07;good
[6, 3, 10, 11, 1, 13, 0, 9, 4, 14, 8, 2, 5, 15, 7, 12];4.40375e-07;good
[14, 3, 5, 2, 8, 10, 15, 11, 7, 6, 0, 12, 4, 13, 9, 1];4.40225e-07;good
[11, 8, 2, 4, 10, 7, 3, 14, 13, 12, 6, 0, 1, 5, 9, 15];4.41875e-07;good
[8, 14, 15, 0, 1, 3, 13, 5, 4, 6, 2, 12, 7, 9, 10, 11];4.43625e-07;good
[11, 6, 9, 10, 12, 8, 4, 15, 2, 7, 5, 1, 13, 3, 14, 0];4.27375e-07;good
[13, 14, 15, 6, 9, 8, 12, 11, 1, 3, 4, 2, 0, 10, 5, 7];4.583e-07;good
[9, 3, 5, 6, 4, 14, 1, 8, 13, 7, 2, 10, 12, 0, 11, 15];4.50375e-07;good
[10, 0, 1, 3, 2, 13, 14, 5, 11, 15, 4, 6, 7, 9, 12, 8];4.44e-07;good
[11, 13, 5, 10, 12, 7, 14, 3, 1, 9, 8, 2, 4, 15, 6, 0];4.50575e-07;good
[9, 6, 1, 5, 13, 12, 3, 2, 11, 0, 4, 8, 7, 10, 14, 15];4.27325e-07;good
[9, 13, 4, 1, 7, 3, 12, 6, 8, 10, 5, 2, 11, 15, 14, 0];4.40425e-07;good
[14, 13, 11, 3, 2, 12, 10, 1, 8, 4, 0, 15, 7, 5, 6, 9];4.48425e-07;good
[14, 5, 12, 4, 11, 8, 7, 0, 3, 13, 1, 10, 2, 15, 6, 9];4.29375e-07;good
[0, 4, 13, 15, 3, 8, 9, 14, 10, 6, 2, 7, 11, 12, 1, 5];4.43975e-07;good
[14, 12, 0, 13, 4, 1, 11, 15, 9, 5, 7, 10, 8, 2, 3, 6];4.399e-07;good
[13, 1, 2, 12, 14, 10, 11, 5, 6, 8, 4, 3, 0, 15, 7, 9];4.30825e-07;good
[11, 8, 9, 5, 14, 0, 3, 13, 6, 2, 12, 10, 7, 15, 4, 1];4.26025e-07;good
[6, 11, 12, 15, 0, 2, 5, 8, 4, 1, 9, 10, 13, 14, 3, 7];4.40825e-07;good
[1, 14, 8, 10, 11, 6, 13, 0, 2, 12, 3, 7, 9, 4, 15, 5];4.341e-07;good
[3, 5, 8, 14, 7, 9, 4, 12, 11, 2, 15, 1, 6, 13, 0, 10];4.30475e-07;good
[1, 15, 8, 11, 13, 3, 14, 0, 2, 5, 6, 9, 7, 10, 12, 4];4.365e-07;good
[14, 11, 2, 10, 15, 1, 13, 4, 3, 12, 9, 8, 5, 0, 6, 7];4.32625e-07;good
[8, 3, 10, 12, 7, 2, 14, 5, 6, 0, 9, 15, 1, 13, 4, 11];4.321e-07;good
[0, 4, 6, 9, 15, 8, 2, 3, 10, 11, 13, 12, 7, 5, 1, 14];4.2795e-07;good
[7, 6, 13, 8, 9, 0, 14, 4, 12, 2, 3, 15, 10, 1, 11, 5];4.344e-07;good
[0, 11, 9, 4, 13, 3, 2, 1, 14, 15, 5, 6, 7, 12, 8, 10];4.2895e-07;good
[14, 3, 0, 12, 11, 8, 10, 7, 6, 9, 13, 4, 5, 1, 15, 2];4.308e-07;good
[0, 1, 10, 6, 8, 13, 11, 4, 3, 9, 14, 7, 15, 12, 2, 5];4.40475e-07;good
[4, 9, 15, 7, 5, 0, 14, 11, 8, 2, 1, 13, 10, 3, 6, 12];4.4555e-07;good
[2, 6, 3, 8, 1, 13, 0, 14, 10, 15, 11, 9, 7, 5, 12, 4];4.54925e-07;good
[8, 15, 11, 6, 3, 7, 1, 4, 12, 0, 5, 2, 14, 9, 13, 10];4.4665e-07;good
[6, 7, 4, 0, 10, 2, 11, 1, 5, 8, 14, 15, 9, 13, 3, 12];4.32e-07;good
[1, 4, 9, 7, 11, 12, 15, 8, 3, 14, 6, 10, 0, 13, 5, 2];4.26425e-07;good
[6, 9, 11, 2, 10, 5, 15, 4, 13, 1, 14, 7, 0, 3, 12, 8];4.36225e-07;good
[6, 8, 9, 4, 5, 11, 15, 14, 3, 12, 2, 0, 1, 13, 10, 7];4.29625e-07;good
[8, 4, 1, 10, 6, 7, 15, 9, 12, 14, 13, 2, 11, 5, 3, 0];4.47525e-07;good
[0, 3, 15, 11, 9, 4, 14, 5, 10, 8, 12, 1, 6, 13, 2, 7];4.358e-07;good
[12, 8, 4, 5, 10, 7, 9, 1, 13, 0, 3, 6, 15, 2, 14, 11];4.36675e-07;good
[2, 5, 14, 7, 8, 1, 10, 13, 0, 15, 3, 9, 6, 11, 4, 12];4.42675e-07;good
[14, 3, 9, 12, 2, 1, 8, 6, 4, 13, 7, 15, 0, 11, 5, 10];4.40175e-07;good
[0, 15, 14, 12, 10, 5, 1, 3, 6, 2, 11, 8, 4, 9, 7, 13];4.362e-07;good
[11, 0, 3, 9, 6, 14, 5, 8, 10, 15, 13, 7, 12, 2, 1, 4];4.46e-07;good
[3, 0, 4, 6, 2, 8, 1, 15, 12, 5, 9, 14, 13, 11, 10, 7];4.53075e-07;good
[1, 8, 11, 0, 6, 10, 4, 2, 12, 5, 15, 9, 14, 7, 3, 13];4.48275e-07;good
[11, 13, 9, 14, 5, 10, 15, 0, 8, 4, 2, 7, 3, 1, 12, 6];4.41925e-07;good
[8, 10, 6, 9, 15, 13, 7, 12, 11, 14, 2, 3, 5, 0, 1, 4];4.5695e-07;good
[12, 9, 14, 1, 0, 13, 10, 2, 11, 7, 5, 6, 4, 3, 8, 15];4.3355e-07;good
[1, 5, 0, 4, 7, 13, 14, 8, 6, 11, 15, 12, 3, 9, 2, 10];4.43925e-07;good
[4, 10, 5, 8, 15, 0, 7, 6, 13, 12, 1, 9, 3, 2, 11, 14];4.31575e-07;good
[2, 5, 0, 9, 4, 3, 6, 14, 10, 7, 8, 15, 13, 12, 11, 1];4.44925e-07;good
[5, 8, 13, 14, 6, 2, 3, 7, 9, 1, 0, 15, 11, 10, 4, 12];4.35425e-07;good
[12, 11, 6, 3, 10, 13, 5, 1, 2, 8, 4, 0, 14, 9, 7, 15];4.4425e-07;good
[4, 8, 14, 12, 9, 0, 2, 3, 11, 7, 1, 5, 10, 6, 15, 13];4.32825e-07;good
[15, 1, 8, 12, 3, 13, 4, 7, 0, 5, 6, 10, 11, 14, 9, 2];4.4265e-07;good
[5, 15, 13, 6, 12, 1, 11, 2, 9, 7, 3, 10, 0, 4, 14, 8];4.215e-07;good
[9, 15, 11, 14, 10, 1, 4, 13, 6, 3, 0, 7, 12, 5, 8, 2];4.38275e-07;good
[3, 7, 12, 15, 6, 2, 8, 4, 14, 5, 1, 11, 10, 13, 0, 9];4.298e-07;good
[15, 13, 9, 14, 11, 12, 8, 0, 4, 1, 2, 10, 7, 6, 3, 5];4.24875e-07;good
[15, 5, 14, 7, 12, 8, 10, 1, 2, 6, 11, 13, 0, 4, 9, 3];4.26325e-07;good
[1, 5, 7, 4, 11, 12, 0, 15, 9, 6, 8, 13, 14, 3, 10, 2];4.355e-07;good
[5, 12, 13, 2, 6, 15, 8, 9, 0, 4, 7, 3, 10, 14, 11, 1];4.322e-07;good
[6, 4, 11, 8, 1, 7, 5, 12, 0, 3, 14, 15, 13, 2, 9, 10];4.406e-07;good
[8, 7, 11, 9, 3, 5, 13, 0, 6, 2, 15, 14, 4, 12, 1, 10];4.3325e-07;good
[3, 1, 6, 7, 12, 15, 8, 4, 9, 5, 13, 14, 10, 2, 0, 11];4.459e-07;good
[2, 9, 11, 13, 8, 10, 14, 3, 7, 12, 1, 5, 6, 0, 4, 15];4.54025e-07;good
[0, 4, 8, 14, 5, 10, 11, 12, 2, 9, 6, 15, 1, 7, 3, 13];4.341e-07;good
[15, 11, 3, 4, 1, 8, 7, 5, 14, 10, 13, 6, 9, 0, 2, 12];4.22875e-07;good
[5, 1, 2, 13, 7, 6, 4, 3, 12, 14, 11, 15, 9, 0, 8, 10];4.55875e-07;good
[9, 13, 6, 10, 5, 1, 11, 12, 7, 4, 3, 8, 14, 15, 2, 0];4.25575e-07;good
[15, 11, 10, 5, 14, 12, 0, 1, 3, 8, 9, 2, 6, 13, 4, 7];4.5405e-07;good
[5, 10, 11, 9, 15, 4, 13, 6, 8, 2, 14, 0, 12, 3, 1, 7];4.39125e-07;good
[3, 13, 0, 12, 10, 11, 6, 1, 8, 15, 4, 7, 9, 2, 5, 14];4.4445e-07;good
[11, 12, 5, 10, 15, 9, 3, 8, 7, 14, 6, 1, 0, 2, 13, 4];4.3855e-07;good
[9, 15, 11, 6, 1, 10, 12, 8, 2, 5, 4, 14, 7, 0, 13, 3];4.385e-07;good
[7, 3, 8, 9, 4, 14, 13, 15, 2, 10, 12, 1, 11, 5, 6, 0];4.38025e-07;good
[6, 5, 3, 14, 10, 12, 13, 7, 0, 4, 8, 2, 11, 1, 9, 15];4.4175e-07;good
[10, 1, 4, 8, 11, 5, 7, 9, 13, 12, 0, 15, 6, 3, 14, 2];4.243e-07;good
[3, 14, 6, 2, 4, 9, 7, 0, 10, 8, 11, 12, 5, 15, 1, 13];4.30425e-07;good
[8, 0, 12, 9, 7, 13, 3, 15, 4, 6, 2, 10, 14, 11, 1, 5];4.301e-07;good
[15, 14, 7, 12, 0, 3, 4, 5, 2, 8, 13, 10, 11, 9, 6, 1];4.35725e-07;good
[15, 1, 7, 9, 8, 10, 14, 13, 6, 2, 12, 5, 4, 11, 0, 3];4.38925e-07;good
[8, 5, 15, 7, 4, 0, 14, 1, 11, 2, 10, 9, 12, 13, 3, 6];4.345e-07;good
[6, 12, 0, 2, 3, 13, 1, 4, 11, 7, 9, 14, 10, 15, 8, 5];4.33075e-07;good
[13, 8, 12, 1, 11, 4, 3, 14, 9, 10, 0, 7, 2, 6, 15, 5];4.3655e-07;good
[6, 10, 2, 3, 15, 7, 9, 0, 8, 5, 1, 14, 13, 11, 4, 12];4.415e-07;good
